
=== Task 2 Baseline (1-way) ===
Trace,Reads,Writes,Hits,Misses,WriteBack,HitRatio,Compulsory,Capacity,Conflict,Coherence
Sequential,349820,150180,0,500000,150034,0.00,512,0,499488,0
Random,349240,150760,15715,484285,149119,3.14,512,0,483773,0
Strided-64,350614,149386,0,500000,149306,0.00,256,0,499744,0
Looping,350178,149822,499998,2,0,100.00,2,0,0,0
Mixed Hi-Loc,349812,150188,121793,378207,117146,24.36,512,0,377695,0
Mixed Lo-Loc,349466,150534,120988,379012,117655,24.20,512,0,378500,0
Write-Heavy,100136,399864,119598,380402,305574,23.92,512,0,379890,0
Read-Heavy,400142,99858,120738,379262,79880,24.15,512,0,378750,0
Seq 4-Proc,349660,150340,0,500000,150179,0.00,512,0,499488,0
Rand 4-Proc,350505,149495,15659,484341,147898,3.13,512,0,483829,0

=== Task 3 (2-way) ===
Trace,Reads,Writes,Hits,Misses,WriteBack,HitRatio,Compulsory,Capacity,Conflict,Coherence
Sequential,349768,150232,0,500000,150076,0.00,512,0,499488,0
Random,349240,150760,15733,484267,149160,3.15,512,0,483755,0
Strided-64,350614,149386,0,500000,149306,0.00,256,0,499744,0
Looping,350178,149822,499998,2,0,100.00,2,0,0,0
Mixed Hi-Loc,349812,150188,126115,373885,113185,25.22,512,0,373373,0
Mixed Lo-Loc,349466,150534,125664,374336,113429,25.13,512,0,373824,0
Write-Heavy,100136,399864,125210,374790,300020,25.04,512,0,374278,0
Read-Heavy,400142,99858,125571,374429,75869,25.11,512,0,373917,0
Seq 4-Proc,349660,150340,0,500000,150179,0.00,512,0,499488,0
Rand 4-Proc,350505,149495,15599,484401,147893,3.12,512,0,483889,0

=== Task 3 (4-way) ===
Trace,Reads,Writes,Hits,Misses,WriteBack,HitRatio,Compulsory,Capacity,Conflict,Coherence
Sequential,349768,150232,0,500000,150076,0.00,512,0,499488,0
Random,349240,150760,15709,484291,149123,3.14,512,0,483779,0
Strided-64,350614,149386,0,500000,149306,0.00,256,0,499744,0
Looping,350178,149822,499998,2,0,100.00,2,0,0,0
Mixed Hi-Loc,349812,150188,126895,373105,112438,25.38,512,0,372593,0
Mixed Lo-Loc,349466,150534,126519,373481,112596,25.30,512,0,372969,0
Write-Heavy,100136,399864,126409,373591,298835,25.28,512,0,373079,0
Read-Heavy,400142,99858,126567,373433,74964,25.31,512,0,372921,0
Seq 4-Proc,349660,150340,0,500000,150179,0.00,512,0,499488,0
Rand 4-Proc,350505,149495,15707,484293,147905,3.14,512,0,483781,0

=== Task 3 (8-way) ===
Trace,Reads,Writes,Hits,Misses,WriteBack,HitRatio,Compulsory,Capacity,Conflict,Coherence
Sequential,349768,150232,0,500000,150076,0.00,512,0,499488,0
Random,349240,150760,15757,484243,149094,3.15,512,0,483731,0
Strided-64,350614,149386,0,500000,149306,0.00,256,0,499744,0
Looping,350178,149822,499998,2,0,100.00,2,0,0,0
Mixed Hi-Loc,349812,150188,126929,373071,112398,25.39,512,0,372559,0
Mixed Lo-Loc,349466,150534,126601,373399,112569,25.32,512,0,372887,0
Write-Heavy,100136,399864,126499,373501,298745,25.30,512,0,372989,0
Read-Heavy,400142,99858,126665,373335,74878,25.33,512,0,372823,0
Seq 4-Proc,349660,150340,0,500000,150179,0.00,512,0,499488,0
Rand 4-Proc,350505,149495,15588,484412,147916,3.12,512,0,483900,0

=== Task 4 (16B) ===
Trace,Reads,Writes,Hits,Misses,WriteBack,HitRatio,Compulsory,Capacity,Conflict,Coherence
Sequential,349768,150232,0,500000,150076,0.00,512,0,499488,0
Random,349240,150760,15715,484285,149119,3.14,512,0,483773,0
Strided-64,350614,149386,0,500000,149306,0.00,256,0,499744,0
Looping,350178,149822,499998,2,0,100.00,2,0,0,0
Mixed Hi-Loc,349812,150188,121793,378207,117146,24.36,512,0,377695,0
Mixed Lo-Loc,349466,150534,120988,379012,117655,24.20,512,0,378500,0
Write-Heavy,100136,399864,119598,380402,305574,23.92,512,0,379890,0
Read-Heavy,400142,99858,120738,379262,79880,24.15,512,0,378750,0
Seq 4-Proc,349660,150340,0,500000,150179,0.00,512,0,499488,0
Rand 4-Proc,350505,149495,15659,484341,147898,3.13,512,0,483829,0

=== Task 4 (32B) ===
Trace,Reads,Writes,Hits,Misses,WriteBack,HitRatio,Compulsory,Capacity,Conflict,Coherence
Sequential,349768,150232,0,500000,150076,0.00,512,0,499488,0
Random,349240,150760,15715,484285,149119,3.14,512,0,483773,0
Strided-64,350614,149386,0,500000,149306,0.00,256,0,499744,0
Looping,350178,149822,499998,2,0,100.00,2,0,0,0
Mixed Hi-Loc,349812,150188,121793,378207,117146,24.36,512,0,377695,0
Mixed Lo-Loc,349466,150534,120988,379012,117655,24.20,512,0,378500,0
Write-Heavy,100136,399864,119598,380402,305574,23.92,512,0,379890,0
Read-Heavy,400142,99858,120738,379262,79880,24.15,512,0,378750,0
Seq 4-Proc,349660,150340,0,500000,150179,0.00,512,0,499488,0
Rand 4-Proc,350505,149495,15659,484341,147898,3.13,512,0,483829,0

=== Task 4 (128B) ===
Trace,Reads,Writes,Hits,Misses,WriteBack,HitRatio,Compulsory,Capacity,Conflict,Coherence
Sequential,349768,150232,250000,250000,127401,50.00,256,0,249744,0
Random,349240,150760,15789,484211,149207,3.16,256,0,483955,0
Strided-64,350614,149386,0,500000,149306,0.00,256,0,499744,0
Looping,350178,149822,499999,1,0,100.00,1,0,0,0
Mixed Hi-Loc,349812,150188,136068,363932,116744,27.21,256,0,363676,0
Mixed Lo-Loc,349466,150534,136914,363086,116021,27.38,256,0,362830,0
Write-Heavy,100136,399864,135570,364430,295364,27.11,256,0,364174,0
Read-Heavy,400142,99858,135835,364165,79666,27.17,256,0,363909,0
Seq 4-Proc,349660,150340,250000,250000,127407,50.00,256,0,249744,0
Rand 4-Proc,350505,149495,15611,484389,147992,3.12,256,0,484133,0

=== Task 5 (LRU) ===
Trace,Reads,Writes,Hits,Misses,WriteBack,HitRatio,Compulsory,Capacity,Conflict,Coherence
Sequential,349768,150232,0,500000,150076,0.00,512,0,499488,0
Random,349240,150760,15709,484291,149123,3.14,512,0,483779,0
Strided-64,350614,149386,0,500000,149306,0.00,256,0,499744,0
Looping,350178,149822,499998,2,0,100.00,2,0,0,0
Mixed Hi-Loc,349812,150188,126895,373105,112438,25.38,512,0,372593,0
Mixed Lo-Loc,349466,150534,126519,373481,112596,25.30,512,0,372969,0
Write-Heavy,100136,399864,126409,373591,298835,25.28,512,0,373079,0
Read-Heavy,400142,99858,126567,373433,74964,25.31,512,0,372921,0
Seq 4-Proc,349660,150340,0,500000,150179,0.00,512,0,499488,0
Rand 4-Proc,350505,149495,15707,484293,147905,3.14,512,0,483781,0

=== Task 5 (FIFO) ===
Trace,Reads,Writes,Hits,Misses,WriteBack,HitRatio,Compulsory,Capacity,Conflict,Coherence
Sequential,349768,150232,0,500000,150076,0.00,512,0,499488,0
Random,349240,150760,15662,484338,149144,3.13,512,0,483826,0
Strided-64,350614,149386,0,500000,149306,0.00,256,0,499744,0
Looping,350178,149822,499998,2,0,100.00,2,0,0,0
Mixed Hi-Loc,349812,150188,121822,378178,117433,24.36,512,0,377666,0
Mixed Lo-Loc,349466,150534,120912,379088,118069,24.18,512,0,378576,0
Write-Heavy,100136,399864,119520,380480,305722,23.90,512,0,379968,0
Read-Heavy,400142,99858,120618,379382,80479,24.12,512,0,378870,0
Seq 4-Proc,349660,150340,0,500000,150179,0.00,512,0,499488,0
Rand 4-Proc,350505,149495,15699,484301,147914,3.14,512,0,483789,0

=== Task 5 (PLRU) ===
Trace,Reads,Writes,Hits,Misses,WriteBack,HitRatio,Compulsory,Capacity,Conflict,Coherence
Sequential,349768,150232,0,500000,150074,0.00,512,0,499488,0
Random,349240,150760,15485,484515,149160,3.10,512,0,484003,0
Strided-64,350614,149386,0,500000,149300,0.00,256,0,499744,0
Looping,350178,149822,499998,2,0,100.00,2,0,0,0
Mixed Hi-Loc,349812,150188,108102,391898,126027,21.62,512,0,391386,0
Mixed Lo-Loc,349466,150534,106213,393787,127079,21.24,512,0,393275,0
Write-Heavy,100136,399864,101565,398435,322413,20.31,512,0,397923,0
Read-Heavy,400142,99858,105090,394910,87175,21.02,512,0,394398,0
Seq 4-Proc,349660,150340,0,500000,150194,0.00,512,0,499488,0
Rand 4-Proc,350505,149495,15578,484422,147884,3.12,512,0,483910,0

=== Task 5 (Random) ===
Trace,Reads,Writes,Hits,Misses,WriteBack,HitRatio,Compulsory,Capacity,Conflict,Coherence
Sequential,349768,150232,0,500000,150069,0.00,512,0,499488,0
Random,349240,150760,15707,484293,149141,3.14,512,0,483781,0
Strided-64,350614,149386,0,500000,149311,0.00,256,0,499744,0
Looping,350178,149822,499998,2,0,100.00,2,0,0,0
Mixed Hi-Loc,349812,150188,121820,378180,117069,24.36,512,0,377668,0
Mixed Lo-Loc,349466,150534,121047,378953,117551,24.21,512,0,378441,0
Write-Heavy,100136,399864,119489,380511,305664,23.90,512,0,379999,0
Read-Heavy,400142,99858,120669,379331,79838,24.13,512,0,378819,0
Seq 4-Proc,349660,150340,0,500000,150176,0.00,512,0,499488,0
Rand 4-Proc,350505,149495,15636,484364,147887,3.13,512,0,483852,0

=== Task 6 (Write-Through) ===
Trace,Reads,Writes,Hits,Misses,WriteBack,HitRatio,Compulsory,Capacity,Conflict,Coherence
Sequential,349768,150232,0,500000,150076,0.00,512,0,499488,0
Random,349240,150760,15715,484285,145930,3.14,512,0,483773,0
Strided-64,350614,149386,0,500000,149306,0.00,256,0,499744,0
Looping,350178,149822,499998,2,0,100.00,2,0,0,0
Mixed Hi-Loc,349812,150188,121793,378207,113635,24.36,512,0,377695,0
Mixed Lo-Loc,349466,150534,120988,379012,113967,24.20,512,0,378500,0
Write-Heavy,100136,399864,119598,380402,303976,23.92,512,0,379890,0
Read-Heavy,400142,99858,120738,379262,75798,24.15,512,0,378750,0
Seq 4-Proc,349660,150340,0,500000,150179,0.00,512,0,499488,0
Rand 4-Proc,350505,149495,15659,484341,144661,3.13,512,0,483829,0

=== Task 7 (Prefetch) ===
Trace,Reads,Writes,Hits,Misses,WriteBack,HitRatio,Compulsory,Capacity,Conflict,Coherence
Sequential,349768,150232,0,294172,150078,41.17,318,0,293854,0
Random,349240,150760,0,484285,149119,3.14,512,0,483773,0
Strided-64,350614,149386,0,293820,149306,41.24,169,0,293651,0
Looping,350178,149822,0,2,0,100.00,2,0,0,0
Mixed Hi-Loc,349812,150188,5,378055,117198,24.39,506,0,377549,0
Mixed Lo-Loc,349466,150534,3,378875,117711,24.23,511,0,378364,0
Write-Heavy,100136,399864,3,380351,305584,23.93,511,0,379840,0
Read-Heavy,400142,99858,2,379093,79939,24.18,507,0,378586,0
Seq 4-Proc,349660,150340,0,294278,150183,41.14,325,0,293953,0
Rand 4-Proc,350505,149495,0,484341,147898,3.13,512,0,483829,0

=== Task 8 (L2 Cache) ===
Trace,Reads,Writes,Hits,Misses,WriteBack,HitRatio,Compulsory,Capacity,Conflict,Coherence
Sequential,349768,150232,0,500000,150076,0.00,512,0,499488,0
Random,349240,150760,15715,484285,149119,3.14,512,0,483773,0
Strided-64,350614,149386,0,500000,149306,0.00,256,0,499744,0
Looping,350178,149822,499998,2,0,100.00,2,0,0,0
Mixed Hi-Loc,349812,150188,121793,378207,117146,24.36,512,0,377695,0
Mixed Lo-Loc,349466,150534,120988,379012,117655,24.20,512,0,378500,0
Write-Heavy,100136,399864,119598,380402,305574,23.92,512,0,379890,0
Read-Heavy,400142,99858,120738,379262,79880,24.15,512,0,378750,0
Seq 4-Proc,349660,150340,0,500000,150179,0.00,512,0,499488,0
Rand 4-Proc,350505,149495,15659,484341,147898,3.13,512,0,483829,0

